 Control Points for smooth wavy curve that goes along x and then goes up y, from (20,10) to (90,90)

  status: 9
 success: False
    njev: 101
    nfev: 2222
     fun: 0.00130679256524588
       x: array([ 1.00000000e+01,  7.29001424e+00,  3.46048716e+00, -1.56645447e-01,
       -2.45644665e+00, -2.86957780e+00, -2.03011299e+00, -6.43332069e-01,
        8.57363604e-01,  2.38850332e+00,  3.33114116e+00,  2.70593066e+00,
        2.35591262e-02, -4.14150564e+00, -6.17203489e+00, -6.05210003e+00,
       -2.91555980e+00,  3.97145116e+00,  1.71491923e+01,  9.00000000e+01])
 message: 'Iteration limit exceeded'
     jac: array([ 1.18886965e-05, -2.84065027e-06,  2.31746235e-05,  1.46533712e-05,
       -1.18271928e-04, -1.64653757e-05,  1.00322490e-04,  9.13304393e-05,
       -1.13379661e-04, -1.81465875e-04,  8.87206261e-05,  1.47212515e-04,
        1.27545034e-04, -2.80724227e-04,  2.59669701e-04, -1.03903265e-04,
       -7.45571015e-05,  8.26655159e-05, -6.05166715e-05,  4.94164124e-06,
        0.00000000e+00])
     nit: 101

 Second Quartic Curve

   status: 0
 success: True
    njev: 56
    nfev: 1233
     fun: 0.0016374546644465707
       x: array([10.        ,  5.6587533 ,  1.2548941 , -1.63609642, -2.39252697,
       -1.16782956,  0.50500161,  1.20180755,  0.80361874,  0.07537737,
        0.11950261,  0.93962388,  1.42692378,  0.86296596, -0.60270534,
       -1.61591978, -0.78857415,  2.06749814,  6.19551383, 10.        ])
 message: 'Optimization terminated successfully.'
     jac: array([ 1.08586231e-04, -7.99499976e-05, -8.01094575e-05, -6.02215441e-05,
       -5.90790878e-05,  4.73786786e-05,  1.41377706e-04,  1.17551710e-04,
        8.80860462e-05, -2.24333533e-04, -2.26330420e-04,  1.02773134e-04,
        1.11719433e-04,  1.42051518e-04,  1.82906806e-05, -4.27780033e-05,
       -7.28154409e-05, -6.66707783e-05, -7.95458618e-05,  1.14019480e-04,
        0.00000000e+00])
     nit: 56

 Best Quartic Curve Control Points

 array([19.99999998, 24.44462402, 30.8228071 , 35.31895786, 38.63827358,
       41.75960472, 44.98324187, 47.73120282, 50.60948688, 53.54312652,
       56.46682821, 59.30302972, 62.22417385, 64.98503956, 67.96183028,
       70.96303583, 74.64759725, 79.65157198, 85.65766737, 90.00001557,
        9.99999999,  9.99999999, 15.17286683, 20.28162544, 24.55683115,
       28.92385438, 33.77946797, 38.1025231 , 42.76006796, 47.60822723,
       52.47016545, 57.16855847, 61.93131205, 66.3102105 , 70.84117349,
       75.13223229, 79.99690803, 85.67144574, 90.00001521, 90.00000482])

  Best Cubic Curve Control Points
   array([20.00000001, 23.09925015, 28.82494666, 35.45942994, 38.89128039,
       41.5044956 , 44.46203024, 47.64720721, 50.52389852, 53.38133167,
       56.66080618, 59.46094203, 62.40296981, 65.56440062, 68.38652831,
       71.09912145, 74.59313268, 81.19730449, 86.71337938, 90.00001608,
        9.99999962,  9.99999962, 13.87050151, 21.51444524, 25.86057223,
       29.40320268, 33.62728142, 38.40518343, 42.8635293 , 47.38453195,
       52.62471059, 57.07083731, 61.65148047, 66.41335928, 70.46280466,
       74.14764129, 78.57655033, 86.12011553, 90.00004254, 90.00003596])

BC B-Spline
array([19.9999237 , 22.86399523, 22.63545234, 35.16509163, 31.33090972,
       49.95858662, 50.31900727, 51.61943455, 56.59408514, 57.82203661,
       59.87248948, 64.67765491, 69.72211636, 72.23641065, 73.9462635 ,
       76.5327059 , 79.46629404, 79.95742559, 87.48312853, 90.00720151,
        9.99995426,  9.99994404, 11.90155334, 11.68490272, 13.4105443 ,
        4.90867208,  4.27999798,  3.57986364, -2.03848198, -2.39852293,
       -4.18582679, -1.69461296, 13.79849588, 23.17008762, 29.92387779,
       40.79933014, 53.97168434, 56.19143815, 90.0020656 , 90.00198378])

 Boundaries B-Spline

 array([19.99795993, 21.97365405, 24.61262963, 28.79032657, 33.11286396,
       41.05601163, 43.49972991, 50.30113858, 51.79136417, 56.10343194,
       59.74612928, 65.45726117, 73.01127247, 77.34433964, 79.27828943,
       80.16434175, 83.18665826, 86.8098442 , 88.69118927, 90.00060736,
        9.9972812 ,  9.9972812 , 12.46165261, 16.55795872,  8.60890173,
       11.20930566, 10.07562313,  5.97364679,  4.7756163 ,  0.33648804,
        3.87486052, 17.15987969, 44.5392388 , 59.94120881, 66.41805759,
       69.37608182, 79.09515703, 88.32047496, 89.99874379, 89.99873977])

Pretty Good (almost obeys both boundaries)

array([19.48306641, 22.25823049, 26.40416989, 35.92407738, 37.79838049,
       39.52899898, 42.91806922, 45.6403169 , 49.06804272, 54.51923916,
       61.33585131, 68.07925952, 74.43236547, 77.31074712, 78.73643185,
       80.65297084, 81.73138315, 85.44646864, 88.44334526, 90.00853932,
        9.50342677,  9.50342678,  8.86755862,  4.02639247,  3.29621031,
        2.57780299,  1.78215559,  2.04280425,  3.47290774,  9.31656977,
       22.12779085, 38.66791019, 56.0442324 , 63.8862033 , 67.76655464,
       72.89045091, 75.74260373, 85.25088118, 89.99259783, 89.99258655])


